23830913
22434822
16696577
21253550
23296004
19276086
22702962
19073399
15177383
22710270
21769591
15295589
15864339
15232608
18782350
10830966
19782073
11578751
15974929
18191876
10936878
10527810
10662829
18813209
21903077
10491577
11406343
11447832
1346802
12607822
15639314
16543533
22326489
22323746
12675140
22296116
22279475
22275252
22272245
22257528
15658002
22249458
15709485
22248099
22237943
20178983
22343944
20693622
22178859
21755121
21295112
19926167
20597865
21942811
22222439
21331044
21696420
22445674
22300950
21034527
22539346
22523685
22558227
22514144
22496686
22453989
22447723
22429478
22399757
22382662
22377427
22367970
22355143
22212405
22184106
22156573
22115042
21994399
21945540
22122372
17113271
22461631
17213958
15465276
22267734
22171895
22367557
22178568
21199446
18650430
22430674
22414550
22384383
20957767
21132329
21892414
22470521
22244847
22262751
22410445
21873229
20049331
18026102
12214130
19394434
22382309
22167654
21285854
22159054
22005930
21460840
18823527
19734902
19734903
19136949
19118814
18976728
17975299
22005931
21627779
20460622
20061627
21460841
21390209
21379329
20885792
17553421
17474819
21123754
21156028
12668899
14699432
20675880
18584921
22673115
22764079
22829447
22711829
22796214
20704561
18564425
20568118
20651816
20180883
18675468
21544200
15363492
19419557
17495608
17428983
21968187
19710140
20018408
22024597
22277195
21872563
22985514
12536224
19660836
22441986
22166376
22077634
22110360
19619643
17956317
22613765
19405812
22323736
22299660
22025910
22038977
21720686
21311715
20232416
20502503
21209080
20555131
21746865
18445593
22090504
20603120
18570185
22550546
10967351
8090222
11823425
18835047
20205643
18715507
15817521
20056834
22493750
16988505
22171672
22047170
15910549
16687508
20847424
22845771
23022416
21840620
20580937
22079091
22118466
20838239
19499146
22036569
22787047
22455924
16252002
22536436
20385830
19885299
19885299
22236693
19237574
14976144
19573562
19519303
16399206
23627755
19383491
22434822
18234899
18434550
18801740
19110058
19540598
19801956
22433871
11992749
9850925
20164187
20202123
20347935
16507909
20413881
20451302
20097758
20489155
20507594
20660113
20937840
21047645
19625741
21062284
21172309
21548758
23247072
21640790
21697510
22985047
21709374
18191876
21994399
22178568
22182977
22594617
22610069
22733824
23546882
20110607
19660836
20634587
23362255
21985244
17314098
23167255
21676498
23247072
22209051
22720189
21720722
21548758
21785276
18234899
21276775
20627091
17403776
21036908
16504486
22249458
20202123
19193853
18684319
22433871
21214928
20655472
17679093
19665999
1632469
16885212
23231993
11755002
19131573
24162737
22832961
